[299   0   0   0   0   0   1   0   0   0   0   0   0   1   0   0   0   0   0   0   0   0   0   0   0   0]
[  0 300   0   0   0   0   0   0   0   0   0   0   0   0   0   0   0   0   0   0   0   0   0   0   0   0]
[  0   1 299   0   0   0   0   0   0   0   0   0   0   0   0   0   0   0   0   0   0   0   0   0   0   0]
[  0   0   0 300   0   0   0   0   0   0   0   0   0   0   0   0   0   0   0   0   0   0   0   0   0   0]
[  0   0   0   0 300   0   0   0   0   0   0   0   0   0   0   0   0   0   0   0   0   0   0   0   0   0]
[  0   0   0   0   0 301   0   0   0   0   0   0   0   0   0   0   0   0   0   0   0   0   0   0   0   0]
[  0   0   0   0   0   0 300   0   0   0   0   0   0   0   0   0   0   0   0   0   0   0   0   0   0   1]
[  0   0   0   0   0   0   0 296   0   0   0   0   0   0   0   0   0   1   0   0   2   1   0   0   0   0]
[  0   0   0   0   0   0   0   0 189 111   0   0   0   0   0   0   0   0   1   0   0   0   0   0   0   0]
[  0   0   0   0   0   0   0   0 176 124   0   0   0   0   0   0   0   0   0   0   0   0   0   0   0   0]
[  0   0   0   0   0   0   0   0   0   0 300   0   0   0   0   0   0   0   0   0   0   0   0   0   0   0]
[  0   0   0   0   0   0   0   0   0   0   0 301   0   0   0   0   0   0   0   0   0   0   0   0   0   0]
[  0   0   0   0   0   0   0   0   0   0   0   0 295   5   0   0   0   0   0   0   0   0   0   0   0   0]
[  0   0   0   0   0   0   0   0   0   0   0   0   2 299   0   0   0   0   0   0   0   0   0   0   0   0]
[  0   0   0   0   0   0   0   0   0   0   0   0   0   0 300   0   0   0   0   0   0   0   0   0   0   0]
[  0   0   0   0   0   0   0   0   0   0   0   0   0   0   0 300   0   0   0   0   0   0   0   0   0   0]
[  0   0   0   0   0   0   0   0   0   0   0   0   0   0   0   0 300   0   0   0   0   0   0   0   0   0]
[  0   0   0   0   0   0   0   1   0   0   0   0   0   0   0   0   0 298   0   0   0   1   0   0   0   0]
[  0   0   0   0   0   0   0   0   0   0   0   0   0   0   0   0   0   0 300   0   0   0   0   0   0   0]
[  0   0   0   0   0   0   0   0   0   0   0   0   0   2   0   0   0   0   0 299   0   0   0   0   0   0]
[  0   0   0   0   0   0   0   4   0   0   0   0   0   0   0   0   0   1   0   0 295   0   0   0   0   0]
[  0   0   0   0   0   0   0   0   0   0   0   0   0   0   0   0   0   0   0   0   0 300   0   0   0   0]
[  0   0   0   0   0   0   0   0   0   0   0   0   0   0   0   0   0   0   0   0   0   0 300   0   0   0]
[  0   0   0   0   0   0   0   0   0   0   0   0   0   0   0   0   0   0   1   0   0   0   0 299   0   0]
[  0   0   0   0   0   0   0   0   1   0   0   0   0   0   0   0   0   0   0   0   0   0   0   0 300   0]
[  0   0   0   0   0   0   0   0   0   0   0   0   0   0   0   0   0   0   0   0   0   0   0   2   0 298]